34
-50.000000,10.000000,80.000000 
0.000000,0.000000,0.000000 
0
-80.000000,10.000000,80.000000 
0.000000,0.000000,0.000000 
0
-80.000000,10.000000,60.000000 
0.000000,0.000000,0.000000 
0
-80.000000,10.000000,40.000000 
0.000000,0.000000,0.000000 
0
-80.000000,10.000000,20.000000 
0.000000,0.000000,0.000000 
0
-50.000000,10.000000,60.000000 
0.000000,0.000000,0.000000 
0
-50.000000,10.000000,40.000000 
0.000000,0.000000,0.000000 
0
-50.000000,10.000000,20.000000 
0.000000,0.000000,0.000000 
0
60.000000,40.000000,60.000000 
0.000000,3.140000,0.000000 
2
75.000000,20.000000,20.000000 
0.000000,0.000000,0.000000 
1
75.000000,20.000000,0.000000 
0.000000,0.000000,0.000000 
1
75.000000,20.000000,-20.000000 
0.000000,0.000000,0.000000 
1
45.000000,20.000000,20.000000 
0.000000,0.000000,0.000000 
1
45.000000,20.000000,0.000000 
0.000000,0.000000,0.000000 
1
45.000000,20.000000,-20.000000 
0.000000,0.000000,0.000000 
1
-80.000000,20.000000,-80.000000 
0.000000,0.000000,0.000000 
1
-60.000000,20.000000,-80.000000 
0.000000,0.000000,0.000000 
1
-40.000000,20.000000,-80.000000 
0.000000,0.000000,0.000000 
1
-40.000000,20.000000,-60.000000 
0.000000,0.000000,0.000000 
1
-60.000000,20.000000,-60.000000 
0.000000,0.000000,0.000000 
1
-80.000000,20.000000,-60.000000 
0.000000,0.000000,0.000000 
1
-60.000000,20.000000,-40.000000 
0.000000,0.000000,0.000000 
1
-80.000000,20.000000,-40.000000 
0.000000,0.000000,0.000000 
1
-40.000000,20.000000,-40.000000 
0.000000,0.000000,0.000000 
1
-80.000000,10.000000,0.000000 
0.000000,0.000000,0.000000 
0
-50.000000,10.000000,0.000000 
0.000000,0.000000,0.000000 
0
-20.000000,20.000000,80.000000 
0.000000,0.000000,0.000000 
1
0.000000,20.000000,80.000000 
0.000000,0.000000,0.000000 
1
0.000000,20.000000,60.000000 
0.000000,0.000000,0.000000 
1
0.000000,20.000000,40.000000 
0.000000,0.000000,0.000000 
1
-20.000000,20.000000,40.000000 
0.000000,0.000000,0.000000 
1
-20.000000,20.000000,60.000000 
0.000000,0.000000,0.000000 
1
0.000000,40.000000,-60.000000 
0.000000,-1.570000,0.000000 
2
60.000000,40.000000,-60.000000 
0.000000,-1.570000,0.000000 
2
21
60.000000,81.000000,-60.000000 
45.000000,41.000000,20.000000 
75.000000,41.000000,0.000000 
45.000000,41.000000,-20.000000 
60.000000,81.000000,60.000000 
0.000000,81.000000,-60.000000 
-40.000000,41.000000,-80.000000 
-60.000000,41.000000,-80.000000 
-80.000000,41.000000,-80.000000 
-80.000000,41.000000,-60.000000 
-60.000000,41.000000,-60.000000 
-40.000000,41.000000,-60.000000 
-40.000000,41.000000,-40.000000 
-60.000000,41.000000,-40.000000 
-80.000000,41.000000,-40.000000 
0.000000,41.000000,40.000000 
-20.000000,41.000000,80.000000 
-80.000000,21.000000,80.000000 
-50.000000,21.000000,60.000000 
-50.000000,21.000000,40.000000 
-80.000000,21.000000,0.000000 
